435.37
162.8
441.85
168.79
435.96
161.63
442.14
158.87
156.42
233.19
148.5
150.73
209.72
330.01
209.98
326.97
422.18
315.7
324.71
323.54
244.79
152.97
151.6
209.74
332.31
250.69
153.02
211.87
150.79
322.43
235.05
238.83
235.75
153.65
226.13
262.63
246.51
157.52
324.62
246.62
156.4
164.19
258.19
316.08
145.11
156.54
429.06
248.05
324.68
232.32
323.55
367.36
177.01
325.46
315.93
248.94
327.02
234.58
149.51
330.88
149.0
208.87
214.11
157.52
328.75
317.35
235.74
328.4
432.11
329.44
229.99
361.02
151.77
331.99
212.69
323.77
160.35
242.54
239.95
211.98
262.8
210.36
210.24
163.01
361.23
329.05
150.29
262.39
158.1
225.22
252.64
227.79
322.79
152.43
241.95
369.83
249.32
257.34
316.42
242.85
838.86
1449.39
870.51
1681.72
1244.55
635.49
1149.71
1472.47
833.35
1339.28
852.8
1474.42
1446.7
1586.16
1469.0
1437.3
777.61
848.07
1204.4
859.1
1655.84
1592.82
910.34
1169.29
783.74
1489.22
792.64
755.9
724.45
817.75
1467.83
957.37
994.43
844.84
1321.66
749.75
1132.92
1422.43
1430.01
856.97
735.63
961.75
991.62
937.79
939.4
1325.19
1328.98
1263.46
886.36
1451.99
882.56
1458.52
985.5
1171.09
1267.14
950.01
1193.72
1143.1
751.41
732.14
1267.89
683.97
1190.8
906.97
1456.43
1383.35
793.92
758.74
1648.28
532.78
744.09
915.95
903.59
1182.35
1251.4
1377.44
1319.89
811.73
722.79
710.62
1374.5
1208.74
962.68
1677.41
999.96
1103.47
789.84
889.6
935.27
1172.53
1492.86
1232.27
911.37
618.89
631.13
1211.63
972.19
696.04
697.56
908.61
1921.16
1581.15
1556.11
1045.45
1401.95
1963.62
1106.82
956.86
1201.9
1660.31
1535.93
1301.12
1572.19
1156.63
1780.3
1680.29
1564.55
1113.61
1853.85
1541.22
1186.69
1377.1
1908.41
1732.81
1618.97
1391.81
1410.18
1812.12
1021.89
1631.99
721.19
1500.86
1064.63
1559.81
1077.31
1781.68
1121.56
1660.45
1665.75
1569.37
1192.67
1392.8
770.08
1619.72
1724.13
1778.09
1907.26
1858.94
1490.35
1696.88
1256.21
1177.57
1855.7
1591.75
1936.66
1156.1
1622.54
922.64
1575.1
1391.05
1548.45
1582.77
1832.79
1217.21
1454.55
1794.18
1685.06
1210.26
1569.18
1793.33
1615.01
1731.58
1466.06
1180.5
1087.67
917.16
1871.2
1498.47
1590.31
937.32
1966.07
1233.73
1460.18
1888.73
1437.05
1869.64
1784.48
1094.66
1702.91
1188.24
1965.91
1884.85
1984.93
1898.56
1003.54
1439.87
950.63
1815.05
1478.04
1630.26
1309.62
1017.74
1329.59
852.41
1245.66
825.68
1085.35
1382.83
1339.62
1540.09
1065.92
1262.03
1071.38
1174.0
1231.75
891.37
1105.81
675.88
1166.42
1099.59
1484.86
963.36
825.28
1221.55
1505.43
1112.82
1184.69
1601.12
1178.73
970.6
573.03
701.15
640.84
1922.56
1269.66
851.33
721.3
663.48
1067.96
1103.95
673.95
937.81
1244.44
1325.21
1058.16
955.81
1307.52
674.97
1059.68
1156.56
1603.93
979.87
670.67
1153.99
774.85
765.36
1288.69
1298.81
726.05
756.43
811.74
1170.69
1825.65
1283.65
544.53
1632.03
1409.91
983.84
721.76
1125.95
1068.41
1159.73
1298.18
1265.43
1253.74
1157.35
1384.4
729.46
789.4
1320.74
766.76
1070.71
1328.82
660.97
1061.52
750.84
1916.94
623.43
911.78
1392.12
723.78
1074.26
735.76
1378.75
1769.18
1142.1
1340.93
823.11
1115.5
1645.2
933.04
754.62
884.25
1016.21
770.38
483.5
877.22
870.13
617.65
1103.57
666.66
1019.94
730.58
986.15
746.53
609.12
1117.25
478.02
1422.38
468.46
1005.17
484.25
832.19
809.46
754.5
821.78
1321.3
735.53
460.84
1381.48
455.2
695.06
1018.31
967.96
615.95
1531.21
974.54
776.31
711.01
883.76
998.95
887.69
595.4
667.61
598.54
1081.5
590.86
875.87
1065.45
615.18
253.8
343.31
359.43
753.5
1213.48
589.93
876.15
714.87
524.82
885.04
838.6
855.16
906.32
780.31
1135.92
510.93
854.94
1156.27
1216.18
403.27
771.85
915.49
1085.84
1057.8
803.36
810.53
1068.7
975.09
882.3
500.31
610.99
711.01
365.93
425.19
840.4
688.67
1134.93
827.27
721.29
1054.69
535.59
578.07
475.48
808.16
402.91
389.37
1066.42
734.22
836.45
703.14
912.9
839.18
671.05
319.8
941.59
307.53
778.95
645.08
852.25
623.25
892.94
708.3
672.94
487.99
356.96
822.05
737.05
1135.84
874.87
515.61
948.44
767.31
1186.29
480.04
625.32
506.11
686.96
801.33
876.25
437.1
676.61
902.4
780.61
670.79
326.16
879.49
1006.03
407.18
959.14
711.13
901.3
991.06
717.18
262.39
531.85
478.54
1103.48
947.82
477.18
781.26
1460.58
1204.77
1298.35
1430.18
1178.89
619.32
730.55
762.27
1106.04
1423.6
814.44
1341.59
902.4
691.01
1448.68
731.95
782.21
709.72
908.61
1337.64
778.39
707.09
901.04
1505.01
1388.68
736.72
1557.91
724.32
1274.67
711.15
709.79
1185.95
636.89
682.04
785.19
1457.19
1320.85
1031.15
1109.99
1179.04
1573.78
898.95
1086.38
1572.74
770.51
1391.85
1335.95
1180.63
840.79
1037.25
1524.01
844.3
1534.29
1333.47
697.46
1369.62
886.6
696.08
811.82
1399.38
953.61
1108.9
1067.22
1515.66
1408.79
817.67
1100.26
1125.03
1458.7
759.72
1515.2
598.22
1338.4
543.88
894.38
1257.52
1248.55
744.75
1493.82
995.91
760.78
708.99
758.55
1446.75
870.94
669.18
1464.93
1350.19
880.33
1487.25
679.13
1069.54
822.33
969.7
960.95
1155.13
760.57
1310.17
1347.14
791.88
1704.25
1948.26
1937.32
1843.94
1840.62
2020.36
1911.75
2019.39
2018.73
1947.05
1956.8
2018.89
1630.25
1945.6
1875.46
1905.41
1723.64
1908.24
1897.6
1920.81
1843.13
1619.45
1949.62
1915.66
1910.57
1902.84
1789.09
2017.12
1629.21
2003.51
1850.02
1812.7
1983.58
1969.26
2024.44
1851.51
1788.44
1952.15
1968.96
1722.43
1716.01
1971.14
1967.52
1704.41
1702.74
1935.14
1837.44
1852.21
2096.78
2059.75
1830.47
1953.24
1899.09
1915.36
1984.37
1863.19
1951.38
2011.55
1892.51
1893.08
1845.04
1852.13
1783.59
1913.16
1944.92
1889.25
2022.8
1849.18
2059.41
1786.77
2082.11
1947.4
1850.34
1961.01
1877.95
2057.82
1758.04
2022.89
1892.43
1870.44
1906.89
1765.63
1690.75
1924.62
1786.57
1817.9
1940.4
1778.22
1869.26
2052.66
1729.7
1984.96
1995.0
1623.96
1902.39
1703.72
2014.21
2011.63
1727.23
1903.32
1159.17
1191.79
933.42
1870.46
1415.99
761.18
1264.42
1235.37
553.82
1175.93
2094.52
1509.58
1837.4
1775.83
1516.99
1920.8
1628.01
1752.04
1824.31
1398.75
1395.76
2089.17
1594.12
1748.43
1544.08
1440.91
1600.77
926.41
1912.75
1390.09
1795.37
1600.98
1693.91
808.79
1351.76
1977.73
719.57
1858.74
1598.62
405.54
1932.08
1976.35
1108.39
626.64
1283.78
1659.36
1856.06
700.09
1653.86
1386.12
1457.91
1426.61
1187.08
2060.82
1597.69
937.9
1566.64
1912.08
954.81
1944.1
1316.58
1000.86
807.44
227.55
1284.7
1143.73
1185.42
1941.58
1164.78
959.79
1409.63
1337.1
1353.9
487.25
1494.32
1588.53
1403.21
1749.59
750.62
1574.02
1224.19
1035.64
1517.27
1781.82
599.61
1572.84
1471.52
1613.31
1038.18
1802.73
2060.57
935.57
1318.34
1356.59
1401.13
1720.0
1842.81
1231.18
1012.22
1146.28
1477.01
1899.0
1499.78
1746.33
1871.81
1827.38
1824.87
1793.48
1215.59
1575.82
1405.74
1151.53
1071.36
1384.77
1443.03
1313.19
1428.64
1314.5
1303.15
1611.05
1006.66
1692.91
1773.58
1283.25
822.34
2059.9
1105.31
1608.8
1228.75
1833.31
607.97
1435.98
1334.49
803.76
634.31
1434.29
1095.66
1164.5
1758.07
1253.86
862.98
1354.47
775.18
1747.21
1085.17
1937.82
1863.07
1158.11
703.88
1678.36
1583.2
1572.41
1883.78
2054.43
1505.15
720.12
1569.76
788.47
1197.2
1857.96
1846.07
778.88
716.95
1358.93
1645.75
1067.15
772.54
1588.17
1443.6
2026.54
1814.95
1871.91
933.28
1741.93
948.82
1425.16
1576.44
1920.26
1635.64
1790.88
942.0
1816.87
1884.84
1671.2
1681.84
1432.87
479.44
886.67
796.84
1463.05
1955.68
1900.95
1266.81
1454.37
1093.95
1522.1
1715.97
1676.25
1334.29
1575.9
1417.62
1416.11
1906.63
1538.2
998.08
1637.69
1347.19
1503.2
1561.39
1953.96
1480.52
1623.35
1720.0
1508.84
1717.9
2131.93
1646.19
2008.53
1513.53
992.07
1110.21
2042.52
1963.43
1940.61
1346.83
1616.71
854.53
565.48
1187.45
1592.31
941.21
1032.79
1163.0
1855.41
1947.07
1576.39
1680.62
1926.61
2004.85
1745.3
1352.72
1579.55
1784.61
1384.85
1980.93
1496.28
1287.24
1851.38
1799.19
1822.0
549.65
731.84
1904.32
1513.28
1696.49
1973.91
1563.73
1907.61
1477.55
2046.99
1217.13
1834.68
873.74
1521.43
1727.86
1616.38
1069.2
1556.4
911.54
1902.57
1432.83
772.32
1494.64
1908.71
748.63
1217.7
1628.94
1877.25
1795.81
1150.95
913.04
1080.97
930.13
1438.41
1389.33
841.71
1631.04
1097.15
1124.29
1687.62
1502.5
996.27
1788.11
1311.12
977.84
1537.48
657.91
1252.67
1169.22
1565.62
758.68
1265.4
934.4
1873.2
1439.46
1439.41
1695.71
1611.68
796.75
1803.69
1730.62
1005.32
1067.52
1613.81
1553.09
1120.59
1643.32
1731.06
1706.24
1223.1
1371.3
1722.7
779.41
1379.26
1360.39
1593.44
1233.62
1614.99
1742.84
972.25
1444.31
1253.66
1695.79
1554.31
1376.31
608.98
1166.45
1901.88
1714.88
806.76
1910.39
1286.37
1178.82
1745.89
1489.45
1375.51
552.31
1048.71
1827.06
1580.16
1014.72
993.73
1765.72
1123.82
1369.11
1884.51
1583.65
1556.95
884.43
1697.21
1629.16
1750.12
1818.74
1411.71
1471.27
1558.77
1836.74
876.55
1744.68
1667.68
1309.0
1476.27
1812.25
890.61
1588.2
1352.78
1808.92
1945.4
1534.5
1540.55
1296.42
1871.59
1572.03
962.05
964.19
1303.1
1224.26
1453.07
1658.41
2045.33
1386.25
1197.8
1213.1
1027.92
1523.23
1122.31
1802.39
1624.16
1834.52
871.24
1641.03
1604.15
260.63
2049.68
1334.65
1668.18
1536.92
1534.5
1850.89
904.33
715.69
1107.87
809.13
1635.68
1650.82
1869.8
527.75
1308.3
1589.88
1517.57
1653.57
1326.42
1154.51
1816.46
1005.68
1452.99
1635.24
1425.32
2019.16
1708.93
807.95
1641.28
692.07
1478.79
1637.39
1683.36
864.54
1412.98
1240.9
967.83
1664.82
782.16
1542.96
1646.95
1725.29
1954.85
1737.91
1419.5
1159.62
1207.32
1710.87
1273.94
1365.87
1299.16
728.68
1173.92
1246.02
1105.23
1914.87
1378.12
1943.49
578.85
1777.78
1411.54
1903.8
1656.46
506.08
777.17
1851.58
656.82
1016.09
1579.03
1388.35
1702.14
1351.72
1833.0
1392.65
1674.03
838.5
1445.62
1485.79
1046.03
1417.51
1481.65
1631.01
494.81
1076.55
781.52
1397.24
1519.13
1026.08
1106.7
926.87
1001.83
1181.64
1559.35
1874.79
1922.4
1955.68
1290.41
1862.41
1818.31
1046.59
1214.63
733.48
1170.95
1513.42
1214.91
1898.2
1742.53
1514.32
802.47
1469.38
1182.29
1488.35
1701.43
1931.89
1224.48
1764.17
865.74
1511.39
1302.76
1098.77
1632.47
1389.39
1657.68
1837.9
991.99
1303.2
1587.37
830.48
1608.42
1273.48
975.35
1808.18
1444.09
2066.05
1184.48
479.46
1122.41
1431.02
1894.07
1775.36
1848.76
1351.08
1256.8
1605.03
1601.64
1412.16
1430.87
1939.4
1334.5
1654.84
1424.72
1803.38
1888.47
1846.46
1746.87
1303.6
1069.24
1149.06
1532.56
1494.01
956.85
1885.88
1409.5
891.24
1542.58
1821.07
1552.56
1137.2
1077.06
1542.31
1255.97
861.0
1344.74
1052.87
1409.04
1210.13
1315.99
1636.97
977.95
1300.58
1177.76
1103.23
1489.37
1718.17
744.09
1729.89
916.3
559.37
1186.19
952.31
1316.44
1044.46
1732.79
1215.28
1407.57
1186.45
1720.0
1106.4
1593.77
1189.93
1528.23
1904.56
2012.98
1671.8
1234.53
671.77
1749.65
1466.44
1490.65
1379.12
1470.96
1877.52
1433.48
1468.52
1454.16
980.48
2029.51
1734.06
1999.98
1106.83
1398.79
1674.21
1512.13
1252.76
667.12
1792.05
1417.26
1730.74
1417.6
892.47
1690.69
1665.16
1427.16
1926.01
1522.73
1622.83
729.56
1534.32
2122.09
1417.02
1672.95
1950.23
1702.1
1385.97
1765.36
1386.18
1521.08
1512.4
1460.02
1471.44
2082.63
938.34
816.69
1805.6
1448.09
1236.87
392.66
1366.74
788.55
909.53
1819.71
950.96
1515.41
1720.0
1723.86
1376.79
1860.17
1402.95
1120.21
1283.87
1860.43
1546.42
1644.89
1550.47
1337.82
1029.3
1580.76
1482.94
1233.42
1435.56
1700.18
1558.68
943.32
1638.53
1441.43
1617.26
1683.02
1004.52
1876.49
1387.44
1843.37
1097.88
1939.16
1585.48
1906.77
1258.39
1120.06
1964.17
1685.15
1531.65
948.78
1341.97
1867.96
1576.12
1622.12
1339.69
474.07
1597.35
1097.72
945.36
1281.08
2120.87
1328.25
1429.12
1693.16
1011.61
628.69
1382.3
1457.69
1392.5
1499.79
999.84
1091.29
1395.83
1349.73
1564.85
1456.31
1895.33
1555.66
1187.37
935.9
1416.83
1741.42
1437.86
1336.38
1514.93
722.9
1394.11
988.14
823.0
1093.53
1510.95
1660.83
1849.35
1264.39
1680.6
804.48
1513.47
1767.62
928.36
1955.65
1228.47
1833.15
716.18
654.42
1436.19
1163.72
1840.22
1268.56
1857.42
1457.04
1440.24
1700.28
1191.59
932.77
1823.37
1693.36
706.53
1189.23
772.43
1113.37
888.4
1502.6
1462.32
1527.9
1944.28
662.09
762.57
607.77
1267.4
1121.86
1549.39
1027.48
2117.13
1627.98
194.88
1524.61
852.3
709.73
1196.69
1471.47
913.18
1838.04
1677.21
1669.92
783.62
419.85
1495.74
1086.01
1511.12
1517.18
1177.87
1670.2
366.67
512.89
1720.0
1632.58
672.61
868.03
1214.22
1428.39
1482.69
1154.66
1876.88
462.54
1343.08
868.1
1532.21
1639.04
1720.08
1629.33
1497.22
1897.64
1412.86
1997.65
1210.57
1626.1
887.4
1491.07
1286.97
850.25
1592.38
1616.4
1130.53
1718.1
1352.37
1710.36
1452.85
1115.05
1162.82
1189.3
807.37
1720.0
1661.65
1521.45
1411.57
2021.08
1890.41
1836.62
443.35
1203.21
1310.87
1989.17
1530.36
1053.99
1574.14
873.55
1892.08
1746.03
2075.5
1611.13
1436.59
934.61
1986.61
1699.08
532.73
1160.47
931.36
1335.86
1509.8
1517.46
1464.89
1594.88
1362.72
1845.81
1377.97
1063.17
1339.4
1604.1
834.24
1392.72
1515.36
985.17
616.16
852.35
1449.25
994.75
1567.78
1042.55
1686.59
1642.72
770.46
1585.61
1502.45
1501.0
1249.28
1055.95
1802.44
1409.71
1887.77
2118.59
1842.08
1625.78
1355.89
1085.05
1485.17
1468.91
1718.55
1720.0
679.72
1817.51
1868.0
1831.44
1712.74
1354.44
1367.42
1131.83
1164.68
1783.95
804.94
367.08
950.92
608.14
1216.11
1108.89
1016.15
656.91
890.34
1575.26
1334.54
716.6
1162.49
1852.33
997.22
1801.16
1764.17
1496.41
1626.59
416.01
1430.69
1453.93
891.57
1206.77
1141.1
933.38
1914.47
1374.12
1518.19
783.77
1960.43
1211.15
1931.8
1139.35
1341.74
1352.57
1632.57
620.82
1506.1
510.08
1355.98
1724.13
1886.03
614.78
1759.37
728.1
1029.96
997.37
1244.84
1721.0
1399.78
1471.74
1478.32
944.15
744.63
1180.37
1913.89
1792.19
1121.6
2042.27
1961.53
1669.73
984.6
1499.02
1496.2
810.29
1386.91
1175.26
1633.51
1292.29
1422.96
1673.55
1462.49
1404.46
1703.46
1700.86
1641.25
1422.78
1250.11
1525.02
1851.66
1082.84
1695.8
1242.91
906.43
1578.44
1507.19
1887.52
1029.24
1161.65
1125.17
1124.48
1787.03
1181.91
1976.74
537.43
1353.19
1370.09
1234.13
1463.12
1631.06
1824.35
1585.91
942.01
1128.38
1685.58
2028.52
576.31
1965.29
835.76
918.93
1760.19
1032.26
1388.1
720.82
1847.75
1502.53
1943.7
1928.44
1224.27
1612.38
1516.12
1930.48
1649.89
1491.07
852.49
965.91
1272.58
830.11
1674.34
1417.76
1344.67
2106.34
1701.72
1504.0
1590.92
1110.29
1746.13
1737.99
1906.39
712.85
1019.25
1052.72
1461.68
1829.2
1770.26
1437.94
1876.96
1635.37
1434.59
1617.5
1677.29
1515.14
1908.46
997.95
1240.45
937.58
1756.78
1621.35
1703.88
686.73
1350.15
817.71
1249.36
848.43
1226.11
424.57
1427.44
1362.52
1672.2
1175.05
784.5
952.02
1659.88
632.44
663.81
1679.4
1684.94
1261.31
1731.05
1348.86
1720.0
1631.19
1405.14
1500.19
1099.88
1797.07
1576.76
1367.17
812.58
1109.6
1130.49
1471.06
690.34
1470.71
1842.68
1721.63
1412.37
1371.29
951.56
1727.96
2090.44
1432.94
1248.27
1843.75
1148.04
1364.79
1472.89
1588.25
1069.7
1146.08
1854.5
1720.25
1898.16
1470.13
1607.93
1630.82
1529.84
1936.6
1589.1
1703.06
1701.26
1356.81
1832.94
1427.99
1609.86
1251.68
1524.6
1523.88
1426.3
719.89
701.29
1720.0
1696.81
1232.12
935.18
1142.52
1454.79
1164.65
723.78
751.21
1579.43
1720.0
1631.07
1495.22
1903.97
1922.36
1946.04
1287.17
1441.42
1046.61
968.07
979.16
1814.65
676.8
1589.49
810.99
1623.47
1816.84
1417.26
1642.56
954.54
1508.79
1721.72
591.09
1458.31
1180.76
1411.04
1339.12
1527.44
668.28
1396.99
1546.25
257.88
716.45
2010.92
1565.97
932.54
1145.88
1619.33
596.94
747.86
1904.75
1704.97
1720.0
1850.32
1942.31
1117.23
1559.18
1239.16
1760.9
1678.34
1629.89
1305.61
2011.08
710.08
1631.49
1260.86
1568.07
1588.74
796.5
1236.63
1496.73
1483.68
817.58
1378.12
1955.69
1357.49
923.59
1461.11
1277.77
1638.63
1877.65
1904.79
599.26
265.24
749.46
1526.19
1699.84
1774.78
1577.61
1472.96
1843.96
1785.6
1826.31
696.83
1779.33
1879.52
1579.9
1754.59
1865.74
1406.41
1892.01
1360.83
1205.63
1465.38
936.77
1651.14
1498.58
1726.22
1263.16
1412.07
340.55
1839.29
1362.79
1330.22
582.44
964.61
1756.85
1481.02
1710.83
997.87
1722.78
1381.73
868.48
1835.14
1223.69
1001.04
780.29
1128.7
1923.12
1989.11
1458.61
633.57
1126.23
1131.11
1072.55
1751.08
1215.12
1334.34
1237.92
1498.17
1447.74
1789.24
857.1
1124.07
1876.05
1678.03
371.77
1943.93
1436.51
2027.31
1848.12
774.33
1182.95
600.55
1580.62
1707.86
822.9
1039.52
1666.49
583.39
860.42
876.46
1657.33
1500.76
2053.3
870.21
1232.23
1146.14
1575.99
1911.59
727.89
1928.99
1278.49
1475.83
812.65
1572.97
1503.26
1885.81
1698.58
694.81
1608.57
1094.52
1768.59
1372.84
1622.63
1720.0
742.3
1168.5
1025.32
953.83
1442.82
1464.1
1717.65
1418.1
1414.1
1498.83
1185.61
1426.26
1462.33
1915.97
1092.99
1827.17
1676.32
1703.35
1520.27
1110.6
1447.27
1900.24
1590.05
965.38
1528.28
1499.35
2016.99
1626.05
1673.73
1830.13
1423.69
1405.3
1724.79
1878.56
1140.65
1532.67
879.07
1760.75
1672.31
529.36
1588.34
1960.63
1851.61
1427.93
1498.2
818.09
1067.4
1882.7
1101.7
1639.22
1186.12
861.63
1484.76
1571.82
1191.05
1802.97
1308.14
465.36
885.08
1799.98
2003.22
1744.45
1604.59
2023.89
1336.16
1525.16
1694.45
1609.23
1268.06
1415.54
1399.67
1619.86
1047.42
1510.42
1427.17
1224.65
899.55
689.6
1744.15
1271.08
1493.5
822.92
1177.12
1506.96
1596.07
1048.82
1299.18
1745.6
816.08
1854.78
972.91
858.52
1702.62
1114.69
1657.66
1916.13
1154.33
1854.44
1799.44
1834.23
795.91
493.94
910.0
1539.93
1655.92
705.47
1804.96
1857.21
1259.18
1701.13
856.42
692.3
1595.89
861.35
245.65
1300.36
1678.47
1687.6
1638.45
1817.39
1712.33
2009.02
1680.56
1437.35
1320.68
1720.0
934.22
1479.5
1387.82
1686.52
1184.94
1669.6
1223.89
1569.72
1531.39
1362.63
1354.04
846.8
1857.32
997.71
1712.67
2183.23
717.88
1754.17
237.64
1932.11
1301.83
1714.39
1667.97
1000.71
1837.05
1958.71
1622.14
1718.87
643.03
1503.88
1626.24
1446.47
1442.87
1784.61
937.89
1835.2
1576.54
1304.69
273.14
1805.38
420.61
275.88
1225.01
932.88
1857.74
1766.0
1503.17
1852.05
1559.37
1437.92
1506.24
1096.33
818.9
1691.81
1238.3
1561.3
1330.07
1365.1
1671.23
1670.51
1462.9
735.26
1441.52
1445.36
1758.75
1068.07
718.26
1211.74
1277.11
1333.04
935.41
1487.79
1526.65
1806.19
888.02
1538.31
808.88
1955.19
1953.6
1493.76
901.18
1514.35
900.86
1804.51
1339.23
826.68
1644.86
1082.4
893.63
531.05
978.56
450.82
1848.89
1901.47
1514.97
1257.39
1217.87
586.98
1550.09
1697.5
1183.02
509.03
1565.45
1622.96
662.19
1236.54
683.58
1003.31
1253.26
2036.22
877.25
440.59
1266.98
1940.78
1515.86
1793.55
1949.81
959.05
1341.63
1956.13
1054.09
909.96
1095.58
1711.98
1350.61
1571.91
1062.09
1545.52
1992.93
1546.1
1175.05
1839.62
1848.64
1340.08
1709.73
1488.42
954.16
1866.43
1387.5
1236.2
1520.6
1818.39
1442.66
603.0
1584.4
855.45
1116.4
286.2
1659.48
1857.34
1633.61
1286.57
1279.49
1720.0
1890.73
1645.85
1382.76
1322.28
656.86
1781.49
1848.91
1099.72
1685.6
1285.52
1705.63
1749.4
1596.62
814.9
990.32
1456.1
1879.75
1468.18
1218.19
1457.79
1375.23
1157.74
1840.47
1588.05
1828.2
1588.69
920.94
1746.62
1424.83
1642.65
1028.29
1504.3
1220.33
901.91
1480.81
1653.43
1447.7
1424.72
1868.33
1255.14
827.73
896.46
1812.61
1625.03
1648.22
1424.99
1259.44
1166.44
755.46
1975.18
843.98
1899.61
990.06
1605.01
676.62
1452.06
1177.39
899.14
353.14
1713.79
1720.0
567.03
1126.7
2023.61
1830.03
1256.18
1893.91
1452.44
1551.63
1653.63
1421.99
2110.97
986.99
651.44
1904.42
1625.0
1502.19
1812.46
2105.5
1502.54
1624.72
1675.88
1180.55
1214.2
1325.81
1320.45
1512.86
1531.49
1936.44
1553.29
1609.56
1621.04
1682.23
1222.22
1844.05
1102.54
1180.95
1397.19
1563.31
2070.75
660.83
1047.56
1362.68
2007.01
1814.65
1160.41
1892.11
1634.72
1714.19
1709.09
916.93
906.01
1743.41
391.19
1950.01
1899.47
1948.22
1720.0
1473.17
1550.31
1523.88
1870.8
418.85
1638.88
1239.91
1188.46
1847.91
1258.29
1191.33
1580.09
1664.58
1513.53
1551.58
1555.35
1388.02
1834.2
828.13
1359.74
1047.08
1146.06
667.16
755.55
856.67
1561.73
725.17
1463.44
860.53
1491.45
1920.54
1905.7
1573.59
1891.34
1523.07
1346.74
1497.18
1917.96
1170.11
654.03
1223.07
1688.81
1701.98
1870.78
1893.97
790.58
581.5
1881.99
1098.57
1809.13
912.99
1886.0
1216.55
1535.41
1263.62
1167.45
1258.29
1407.68
1952.5
1213.82
2024.56
1433.78
1332.43
1617.89
1462.59
1952.93
1696.53
1504.62
1049.62
2027.68
1173.45
829.44
1451.99
1236.0
1492.5
855.42
1233.15
1235.6
1725.25
1525.61
2005.13
1284.49
1432.05
1554.6
670.95
1570.33
1432.0
1867.44
1887.96
633.44
697.4
1611.59
1887.41
870.02
1820.35
816.0
1184.9
1389.87
833.0
2116.9
1394.84
822.48
1691.62
1763.4
1382.18
1130.15
802.49
1501.13
1511.68
1825.91
1427.22
1720.0
1698.16
1088.07
1781.47
1706.78
1464.72
1846.74
403.88
1720.0
1472.04
1710.51
546.45
659.58
1852.54
1939.31
1240.76
913.05
1549.0
1851.52
1704.25
1232.43
1637.06
1612.63
1213.97
1696.11
1661.22
1534.69
1302.1
1211.42
935.3
1677.43
2025.47
1466.62
1954.79
2027.13
1861.77
1483.52
1556.02
769.96
859.29
1408.05
814.38
1320.09
1496.17
1984.47
864.35
1680.86
1773.06
1660.04
1540.64
1493.1
1837.89
539.69
975.1
682.26
1150.58
805.93
1872.71
1560.93
2093.8
1614.09
1319.08
1119.05
395.14
882.21
1626.14
1435.4
1707.53
1031.58
877.87
1422.51
1227.11
1505.33
933.16
930.5
1534.13
1459.11
1900.41
845.86
969.16
555.13
834.25
1660.01
1411.01
1701.5
1480.34
1726.09
1503.14
1844.08
1814.5
1084.26
1805.35
1509.54
1466.27
937.48
1456.33
1732.47
276.84
1861.68
1774.68
1079.48
1522.98
1019.3
1761.18
1189.99
1502.37
1517.2
1399.29
647.59
1720.0
1589.92
1735.33
870.91
1031.01
1850.64
655.67
1716.39
1888.02
940.54
1419.49
1859.45
1487.56
863.88
1688.31
1192.85
1239.82
1449.44
1868.37
999.35
1335.91
1972.77
1489.42
1186.17
1667.78
1696.21
1350.08
930.79
1427.58
1156.64
754.19
1209.87
1411.65
473.86
1533.32
445.37
1518.63
1214.41
1728.94
1742.37
1857.39
1246.8
1325.18
505.35
936.8
1526.12
1898.18
1191.86
1699.56
1857.34
1531.43
1466.05
1628.22
1263.53
1487.09
501.48
2150.77
1468.37
915.48
823.95
661.68
1892.11
1475.16
1392.5
1880.65
1821.81
1244.63
1688.58
1554.63
1079.34
1817.48
1363.85
1719.47
1620.54
1440.87
1918.38
1492.96
1703.39
931.34
905.25
1720.0
1850.63
1433.83
1101.78
2022.61
1413.81
1696.5
1605.65
1455.2
1516.91
1181.81
1420.07
1286.2
1964.61
1186.28
1767.66
1655.99
1591.19
2095.91
1377.18
1409.92
1624.12
1495.07
1459.74
910.67
1067.82
1441.08
1409.45
1856.46
1683.77
1223.47
801.47
1182.93
1077.3
1863.08
1179.36
1263.56
1859.56
1431.81
1767.27
1970.3
1901.01
1664.41
1647.03
1592.33
1189.42
636.21
1564.92
1941.28
1753.44
1739.22
2151.78
1693.93
1828.85
1221.56
1043.56
1280.68
1720.0
1642.93
1610.17
1192.04
1641.15
1712.44
789.97
1855.62
1426.59
1815.16
2112.87
1132.9
807.46
1573.75
1918.58
1708.51
1631.85
851.39
1927.28
1786.19
1829.4
1376.61
1607.67
1941.45
497.3
608.66
1346.47
849.92
1272.35
1077.57
1862.02
1038.51
1239.76
1192.29
928.72
1639.2
1640.19
1278.51
1175.53
1640.9
1542.21
1608.51
953.56
1948.3
1446.81
1529.98
1266.45
1386.79
1733.5
1261.1
1155.57
476.48
751.61
1412.03
949.46
1202.96
1633.69
1572.13
2000.88
1891.17
1737.84
1646.26
1720.0
1396.35
1816.05
1568.74
1612.03
1879.14
1918.87
1459.14
1753.92
1366.97
1489.13
1760.07
954.7
1060.18
1968.97
1955.79
1470.24
989.43
1653.81
1965.95
1507.04
1700.58
1532.88
1948.52
1002.13
1622.82
635.26
1018.63
1638.93
742.44
1445.95
1505.21
1980.3
1905.95
1689.93
1174.43
1105.9
1313.15
1952.13
1844.13
1490.22
1630.21
1245.31
963.2
1719.79
1294.62
1513.48
1201.87
1515.52
1865.09
1879.73
1938.2
1605.6
964.86
1869.62
1164.44
1596.62
1281.46
1614.63
1234.72
1137.44
1193.12
1562.75
1386.21
1512.99
1103.57
1639.19
1629.88
1755.87
1976.61
1711.92
401.01
1184.12
1141.84
1316.12
2117.15
950.19
1697.48
1722.64
1169.74
1095.42
1839.58
1798.12
1521.32
1639.51
494.26
882.23
1193.49
1570.67
1406.42
1607.78
1562.92
1150.72
1356.92
1467.22
814.26
1639.9
1865.17
1907.39
1801.26
1844.32
1459.07
906.24
816.65
1607.28
900.98
1384.36
1434.85
1730.87
1018.34
1717.45
2011.75
1029.98
1635.38
897.93
957.25
1738.66
1128.36
1902.64
1798.02
1599.04
862.92
1417.67
967.6
1318.41
1566.96
1132.05
1651.85
1491.32
1092.05
877.93
1418.98
1089.49
1742.04
1282.48
1199.76
1675.26
1488.21
881.42
1195.53
1521.93
911.52
671.94
649.35
315.06
1368.26
1842.73
675.86
1661.52
1494.66
1530.25
1514.12
1674.44
1900.77
896.89
1305.27
2071.25
1528.18
1744.86
1332.65
1268.77
1690.15
1378.75
1244.63
929.37
1659.5
1667.17
1501.27
1189.39
1588.74
855.3
1039.33
1053.33
1678.46
1149.35
1388.22
908.66
980.6
1242.41
935.16
910.5
301.81
1720.22
941.79
853.78
1964.7
803.94
1916.51
1375.12
1636.41
1737.98
1420.12
848.75
1800.38
1861.39
1800.24
727.69
1011.16
845.57
1648.08
719.61
1485.31
1648.68
1468.87
1927.2
1126.67
1124.89
1618.02
1511.09
1940.11
1967.0
1339.05
1712.78
1686.21
783.33
1614.68
895.74
1792.4
948.29
240.57
805.72
927.49
1678.24
1804.76
920.03
1389.02
1317.7
789.4
1413.82
1440.02
1560.22
1561.64
1919.21
773.69
1594.06
840.75
1919.14
1153.59
1286.54
853.6
1924.56
1381.34
1335.03
1958.85
1514.88
1195.6
1862.56
1587.14
1556.09
1969.22
1604.77
1155.53
1553.15
1313.35
1614.3
1222.43
1662.91
1096.12
1594.09
1663.62
1815.01
1757.25
2145.54
2005.58
788.9
1391.14
1746.05
1523.26
793.09
789.92
1132.82
1930.48
1373.71
1355.61
1777.6
900.47
1588.44
1506.69
1680.91
637.01
957.14
1748.05
1750.48
867.98
1157.78
1810.94
1711.2
1559.34
1729.85
1276.25
629.67
1911.72
1428.37
1252.28
2106.73
1535.47
1707.91
1136.47
1726.76
1719.53
1900.45
1874.28
804.7
1614.89
1313.78
1581.08
1927.19
1490.93
1692.02
1255.2
1771.83
858.9
667.31
1258.83
1431.05
1863.24
1106.23
1796.76
1336.87
1331.91
1419.2
1377.45
1400.01
1217.29
1907.34
1910.94
1274.47
960.97
1214.44
1393.02
2078.0
856.14
1814.88
1341.69
2082.82
1441.35
1908.05
730.97
1709.82
1152.52
1152.39
1419.84
878.85
948.96
1611.02
1202.31
1723.6
1476.87
1532.99
1617.57
1489.8
1446.63
1360.71
2160.3
1510.67
1480.59
1146.13
921.33
1875.26
1642.4
1265.37
800.66
1188.68
1728.89
1402.75
1813.76
2035.23
977.08
1486.26
1748.59
1488.33
913.55
1999.71
720.24
1592.18
1603.05
1580.44
1208.31
810.04
1070.48
1734.04
1080.77
1559.41
1646.75
1586.75
1781.09
1233.94
1819.49
1625.94
1623.34
1617.02
369.05
1246.48
1209.39
1679.03
1893.66
530.95
948.71
1287.35
1690.02
1903.32
1342.92
1885.1
1772.16
1059.72
1586.25
2014.83
1583.72
1584.58
1420.93
1102.21
1946.5
1384.39
1272.12
1403.1
1660.46
1338.61
716.57
1457.38
1921.72
872.2
1292.31
1557.95
1362.26
1481.94
876.63
753.49
1651.8
1703.34
1193.78
1197.28
1849.58
1482.28
1762.21
685.3
1511.71
868.12
1247.87
1324.55
805.51
794.56
1368.56
725.93
1822.4
1364.46
1306.87
1872.98
1325.65
1446.92
1483.92
1324.14
1326.02
1335.77
1372.55
1610.66
974.1
833.13
893.95
668.25
2007.56
1718.21
1319.38
1187.66
463.21
1185.48
1379.84
1324.05
1258.65
2125.76
1237.51
1368.37
1506.63
1901.11
1633.51
1616.9
1645.41
1407.58
1650.84
1783.4
1404.4
1554.59
1517.41
809.32
1695.6
1090.41
1125.97
1890.41
1948.59
1853.9
1102.12
1591.81
898.37
956.35
1780.88
1197.64
1570.45
531.07
1385.18
1645.94
855.68
1521.79
1722.51
1879.44
187.27
1292.85
1977.39
1969.52
835.93
1301.08
1541.0
1800.41
1738.43
1915.5
1363.15
1521.71
679.06
1534.51
966.28
783.14
1459.7
256.64
1850.63
726.48
733.99
1603.54
1327.46
2050.01
1281.92
1808.49
1909.79
873.65
1912.22
1301.59
1986.45
806.07
766.97
1671.56
1623.71
1517.41
715.36
1782.92
2129.0
1171.99
1267.52
737.24
1715.91
1712.01
1589.08
2025.3
1685.32
1490.69
599.01
1053.34
1764.22
1978.26
1794.24
1829.2
803.92
1602.29
1468.15
1963.92
1324.14
1367.0
1648.01
1580.0
702.38
1787.54
1274.28
1510.85
1779.98
1144.47
1213.36
1463.8
1930.8
810.4
831.15
1949.7
1736.05
615.44
1567.28
1537.31
1512.17
1742.3
1826.0
1324.72
808.05
1663.35
1477.42
1526.56
827.08
1495.19
951.76
1555.65
1341.31
1481.07
1938.72
1553.44
821.14
1431.6
1446.68
1179.61
1352.01
1846.1
1718.11
1417.32
1749.68
1368.96
1918.02
1571.36
1871.79
1880.47
1218.13
1310.88
1449.44
1225.35
1720.0
1732.9
1891.22
1414.53
1682.5
1996.55
628.46
1224.84
685.13
1693.72
1500.24
1724.75
1339.16
697.15
1365.73
1256.76
1397.92
1172.71
1839.57
1923.98
1266.57
1954.02
690.03
1583.65
913.57
1563.32
1275.59
1199.3
1682.79
1469.77
1107.94
690.14
1313.69
1409.01
1423.17
1737.71
1720.0
1447.07
1852.1
1723.69
1512.7
1474.43
1350.84
1259.83
1330.75
1925.87
842.61
887.79
1922.49
727.08
1829.0
1317.68
1478.71
1288.92
1891.78
1369.79
1863.57
1818.28
950.68
1756.55
1136.6
681.65
1392.54
783.62
1760.36
1876.27
1510.62
1389.51
1678.11
279.29
1669.15
1210.22
1173.04
1756.79
1186.07
788.95
1736.07
932.54
1262.73
1677.41
827.78
1507.16
720.41
801.98
1428.48
1749.99
1156.44
1572.42
1488.06
1057.2
1923.02
1614.46
1616.81
1496.19
1407.99
1455.75
684.41
1692.26
1967.77
833.82
803.67
958.69
1706.87
1855.77
1137.74
1911.78
1256.54
1261.98
2015.58
1037.0
1933.39
846.19
1394.51
1498.48
989.71
1846.14
1219.29
1270.06
1772.59
1376.56
958.18
1774.85
1939.03
1566.35
1643.11
1187.88
1189.93
1311.97
1591.82
1325.77
1991.98
1500.86
1270.4
1207.56
763.02
1741.42
1596.76
1194.45
1202.9
1876.1
2194.19
773.22
1731.47
1712.11
813.83
296.03
1604.69
1279.45
1354.51
1193.03
775.26
1725.86
1659.41
1355.73
1792.57
1622.01
1395.01
942.84
1127.62
1033.48
1172.98
1488.15
1051.83
1096.27
613.39
983.32
1709.25
2048.77
1692.07
1974.4
1193.19
1603.53
1627.29
1100.77
1357.36
1971.06
1104.59
1687.42
1647.57
2030.52
1548.46
1387.99
1396.03
1889.08
1135.15
873.6
1459.58
1528.0
938.79
1103.21
1164.35
1215.83
1764.65
1295.62
1343.75
1855.08
1581.07
1703.43
254.7
379.47
1876.59
1707.88
1068.66
1838.55
862.58
1076.79
687.27
1645.89
1203.85
1975.75
898.44
1522.07
1258.19
640.14
1690.82
1179.91
644.43
1250.93
1728.52
1670.6
1298.15
1840.6
1244.07
528.55
1882.84
2055.94
1367.8
2020.07
1230.45
2075.05
1209.31
1838.97
908.3
1376.42
786.28
1247.4
1376.62
1387.94
1436.87
1231.12
663.21
723.07
1490.43
1267.62
1891.65
1893.19
1601.75
758.98
1358.61
1140.58
840.82
1565.52
783.9
1430.97
1301.59
1242.74
1529.57
1765.98
931.01
977.91
1861.23
1354.68
1869.22
1058.48
838.04
1918.69
1002.12
1275.94
1605.1
1581.6
1258.97
265.39
1856.66
1261.84
1999.6
1303.88
1527.6
1223.79
1933.7
1658.46
1802.23
1580.77
1622.58
786.0
1842.23
1514.11
1471.25
1714.88
1811.82
1482.43
1333.77
1763.25
1843.93
904.77
1720.0
1324.54
924.44
895.51
1550.35
2012.86
1185.08
811.32
1619.9
825.77
1481.1
1278.9
1174.22
1620.9
1517.64
1550.27
1125.14
1760.03
1193.14
1213.42
939.81
1396.7
1510.82
1336.68
938.95
1435.12
908.22
1870.31
1195.94
1575.49
1138.79
2140.34
1867.83
1301.06
1694.45
1210.21
1728.08
1502.41
1218.33
1454.3
1511.43
1337.08
752.88
1509.63
1398.54
931.11
2085.05
1233.14
1737.88
1216.06
1380.51
1063.76
1916.65
1512.11
1943.21
1590.38
1514.77
1736.79
843.07
1563.12
835.07
1326.29
1114.68
1262.57
913.75
1913.4
1817.91
1531.51
1222.2
939.84
1593.77
2053.02
1803.7
666.07
1181.38
1184.3
1559.5
1576.82
1206.01
1581.11
1465.8
371.11
1484.55
1672.61
1293.61
1626.93
1137.78
1851.25
1774.89
1070.3
755.47
2203.89
1165.24
1752.24
1720.0
1428.46
1901.59
1249.22
1688.58
1813.26
595.17
1310.5
430.86
1753.39
803.6
936.42
1699.21
1874.03
788.75
1462.92
1562.53
1880.36
1764.56
313.19
1646.71
1130.27
1875.04
1007.47
2014.7
1900.72
2025.98
1396.33
1695.94
1189.88
1509.17
737.08
1576.29
1482.57
923.46
1155.92
1691.28
1436.28
1788.62
178.13
1720.0
1720.0
1011.54
1145.85
727.77
1578.28
1137.87
1331.75
1305.74
1214.64
1536.86
1497.15
1108.22
1382.44
1433.54
1471.89
1539.74
1286.46
1685.27
1773.18
1134.44
1250.04
892.59
1612.66
869.0
753.67
1229.53
842.82
1774.48
1409.55
1056.42
1815.84
984.94
1928.69
1056.87
1141.01
1321.54
794.81
1244.38
1267.52
1287.21
1876.99
831.67
1202.62
1388.7
1602.41
565.28
1357.46
1326.79
945.72
1912.71
1866.39
1011.11
1366.53
1225.97
1722.83
1580.78
1421.46
946.52
797.99
1957.4
1157.42
1950.95
1111.51
889.38
1941.25
1427.7
1502.41
1086.15
1410.92
1518.26
1228.94
1384.41
854.87
1348.04
1356.48
1296.94
1542.48
799.79
1397.59
928.11
1165.95
1239.35
1619.41
1910.23
1560.74
933.42
1943.94
1019.49
1559.5
1269.51
1640.51
1185.84
1192.3
1513.33
1594.75
1712.58
745.57
1224.31
2023.85
1759.24
1778.05
1281.63
1903.78
1737.52
2007.5
1539.34
1462.16
1540.88
1847.81
1493.35
1205.89
1445.84
1485.19
1363.51
740.35
1187.96
1806.8
1263.29
1614.84
1769.66
1677.16
1404.33
971.82
1436.01
1884.22
349.51
1345.6
1262.57
1696.62
1634.8
1190.34
1279.73
769.86
644.62
1282.18
1596.3
1980.31
1848.21
1693.24
1395.93
1658.51
1721.88
1902.1
980.74
1668.1
614.96
904.31
1077.56
1470.43
1069.19
1664.48
1287.84
1546.36
1597.83
1690.93
1411.15
1361.41
1597.1
1325.31
1591.12
1832.06
1694.07
848.45
1253.12
1720.0
951.12
1376.69
906.67
877.91
1540.98
1702.88
949.71
901.88
1170.77
1744.09
1431.83
1360.66
930.21
1863.22
1531.25
1633.97
1638.38
1417.64
952.46
723.84
1268.74
778.37
957.47
1793.04
1878.38
1304.0
1977.13
915.62
1293.64
1019.93
932.03
1067.52
1176.17
1601.24
1442.4
793.32
1487.06
1818.71
1488.7
1266.69
1720.0
1517.62
1913.15
1212.47
850.38
1332.68
1716.39
1304.34
1220.78
1557.34
1171.94
599.52
1655.25
1530.03
859.95
885.61
1201.33
1010.32
1566.85
1479.33
1154.86
1215.55
1722.69
1657.93
1612.22
1754.6
1513.09
1388.25
1669.32
1769.85
1629.69
2025.84
1832.58
1609.97
1691.04
1170.61
1566.31
1282.27
1204.15
1759.21
1292.09
1233.77
1708.88
705.23
1825.2
1195.15
970.47
1120.66
1917.0
1589.36
1522.74
1634.65
1410.49
1554.78
832.52
1360.75
949.98
1452.9
1720.0
966.26
1440.49
1541.69
1042.02
1215.79
820.05
1509.38
1780.1
942.04
1244.75
807.4
1702.09
719.84
1149.87
887.96
1415.22
1475.83
1938.66
2052.4
1345.1
1878.04
758.31
954.3
1831.24
1538.69
1290.59
1463.82
1537.09
1226.0
1992.46
1535.47
963.4
2002.56
2047.35
1953.23
1651.61
1554.2
836.15
1548.51
1185.93
1434.41
1478.03
1058.4
608.47
1934.87
1411.09
843.73
1455.89
1671.71
1013.3
1640.17
1806.85
1062.71
678.07
1480.28
1664.75
774.13
637.18
654.52
1701.42
1637.85
1300.05
1828.03
1280.54
1767.54
1626.96
1332.99
1613.81
1942.39
1507.06
1370.3
1441.37
966.47
742.43
1516.55
1586.07
1556.53
1649.32
898.1
1780.55
1816.44
1746.66
1911.56
1641.98
1720.0
1393.57
2145.21
1920.7
1113.23
797.59
807.61
1757.05
1057.75
1642.26
1732.1
1427.3
1136.11
1391.22
1413.59
1510.48
871.11
960.67
1791.56
797.08
1670.02
1033.8
1664.44
1469.84
1100.48
842.35
1630.51
1418.92
1508.35
1431.53
1290.21
1707.65
1245.14
1492.25
1318.22
1761.73
959.11
1741.41
1705.13
1728.89
665.17
633.75
1840.24
1088.67
865.03
1518.25
979.39
1596.44
1633.15
1554.59
1787.97
1747.79
1541.32
1888.78
1849.49
1192.12
1338.36
1522.08
1606.93
1110.41
1172.36
1550.19
1263.84
1163.73
1553.85
1660.83
1052.61
1559.76
1842.4
676.93
701.9
1710.96
1420.07
1430.95
1683.59
1608.58
1187.51
1044.78
1670.81
1372.03
1073.31
1823.61
1220.45
1839.37
1528.24
1718.59
1106.39
1403.71
1689.1
1780.18
2054.64
1095.69
674.39
1324.79
1336.51
942.32
798.22
1738.81
1156.2
1822.1
1188.64
1720.0
1878.74
1692.1
897.72
1521.86
1600.78
969.15
773.64
711.23
1187.82
1795.0
1600.28
711.92
1291.59
1417.39
1573.93
1626.54
1916.72
1876.42
1847.21
1485.36
1977.38
1045.02
1131.88
543.34
1720.0
1438.23
1298.17
1532.05
1648.45
2067.16
1898.15
1735.11
1298.82
1438.02
1435.19
1604.42
1945.33
1924.21
1329.46
800.41
1646.46
1455.18
1334.11
1359.11
1426.36
1917.31
1013.59
983.27
1224.42
499.29
1589.51
1521.8
1388.25
1464.53
932.84
1194.21
1282.93
1127.09
717.93
1532.38
842.97
1694.27
984.95
1827.24
919.14
1980.84
1877.92
1686.37
1508.26
1908.58
1328.93
1836.54
430.74
951.48
2120.06
1050.92
1135.86
1469.14
1587.25
300.7
1409.66
1515.55
1291.41
1863.11
1900.14
461.74
1507.51
382.56
1622.78
1393.03
1658.95
1421.1
1781.34
1905.77
487.73
333.12
1426.37
1092.28
1149.16
1314.16
892.18
1724.13
827.08
1824.0
1487.94
779.88
821.83
993.88
1573.06
1732.98
799.1
1726.83
1569.61
1065.83
599.09
761.47
1450.38
1288.56
1124.77
1543.51
988.43
1622.95
670.56
1303.25
1489.73
1637.36
2006.82
1567.37
1411.98
850.0
1756.39
742.52
1599.86
1233.1
1578.58
1320.31
1228.32
1477.54
1425.48
1516.81
1371.14
1951.21
1794.26
1686.82
869.99
1831.95
1344.99
1516.58
1937.96
1620.43
1720.0
858.0
1260.69
1219.04
1871.85
1511.14
1822.42
1446.92
827.88
1579.25
1575.38
1698.1
1138.88
1114.46
947.56
1485.23
2101.88
978.11
1785.18
1547.45
1306.14
759.1
1720.0
882.13
1440.48
764.17
908.96
1132.77
1305.43
1747.22
1952.14
793.22
1650.04
800.08
752.21
1308.9
1200.22
745.89
1534.81
1764.06
1132.75
1511.24
1161.77
1271.85
1465.39
1505.37
1041.9
1325.1
1318.17
391.89
711.5
1674.12
1194.12
1185.61
1087.8
1405.24
1021.42
904.49
1616.61
833.58
920.08
1487.14
1581.33
1440.89
1102.12
1530.08
1613.23
1654.17
1410.15
1879.42
1376.31
1626.14
1819.42
1129.79
1683.7
1501.59
1834.2
1428.97
1124.83
1609.55
1350.03
1826.71
1958.64
1916.68
1842.64
1671.61
1163.94
1581.2
1595.32
1323.63
1143.05
1140.33
1581.79
2002.95
1813.24
1944.13
1104.28
841.27
1326.18
1652.96
1601.46
1720.74
645.76
1486.64
627.28
1398.63
1984.99
1525.61
1577.88
973.59
903.45
1628.4
1426.08
1213.14
1463.32
1295.12
1839.88
1659.61
587.08
1207.99
1731.27
1302.57
1264.96
1413.89
1503.99
1059.24
676.3
537.45
1847.62
945.22
1720.0
1889.02
1598.53
1503.96
2052.02
807.09
1345.7
1478.97
1358.36
1333.38
812.78
1781.64
1632.65
1424.76
532.9
1192.79
1550.18
1412.71
1012.93
1924.57
888.05
715.2
1382.72
1325.34
1787.22
1387.08
895.36
1832.65
2058.1
1651.25
1412.1
1149.1
773.0
1644.53
1402.53
1752.85
407.54
1738.11
1727.51
1721.25
1521.47
1831.28
952.25
747.95
1724.63
1649.97
1717.01
1434.21
918.56
1435.86
1153.29
838.42
1871.21
1084.93
1322.08
1410.71
1022.9
1146.32
1549.23
1912.08
1308.53
562.69
1490.41
1043.88
1500.44
1579.25
1275.01
1720.0
1505.18
1414.38
1925.27
1491.4
1049.24
1536.14
2103.94
1285.45
1427.45
1445.99
1061.53
1238.34
1364.07
1010.33
1611.59
773.49
1420.79
1099.4
1226.71
1258.92
689.53
1412.78
1957.24
847.75
2090.41
960.8
1137.47
952.48
1632.86
1856.13
1375.16
1633.02
1234.9
952.5
757.11
1821.11
1185.26
1794.64
1574.47
1739.77
977.54
1408.31
1380.48
1805.22
1120.55
1402.87
1657.26
674.16
1791.81
1849.69
1822.86
1807.32
1719.14
1150.61
1691.9
278.06
1375.27
1170.72
1341.14
863.17
2068.91
1449.74
1140.79
894.74
1877.66
955.34
168.98
866.63
1057.77
1933.08
2037.02
1898.85
1601.34
1918.05
1255.46
1542.7
928.12
1143.71
1408.48
954.41
791.58
1753.21
1151.29
805.16
1403.93
1749.25
1424.07
1682.6
1832.29
1166.68
1957.43
1666.88
1474.92
1721.65
1429.05
967.46
846.72
993.09
662.11
1715.91
1671.53
1735.96
1478.97
1218.25
1333.24
1310.38
693.45
1767.69
1657.79
1505.35
1888.79
1552.78
1279.46
2059.69
818.66
1290.26
723.84
1681.78
1275.74
977.27
1169.54
1824.85
1626.99
1621.14
1370.61
727.24
1985.71
801.74
1396.51
1404.05
1263.28
1559.54
1391.62
1476.14
1179.56
1015.35
1948.71
1554.32
775.58
1826.04
1349.13
1579.1
705.38
1732.26
1432.6
550.37
1182.62
1191.46
228.36
1142.44
1220.6
1385.99
1647.92
1460.07
1209.25
1653.57
2121.35
779.32
1518.28
705.82
1503.37
1160.73
1166.19
1851.85
1694.51
1568.23
1516.32
1413.24
1835.47
1184.23
1838.74
1462.15
1351.55
1205.25
1774.18
398.2
1099.39
1089.07
1047.23
1673.94
787.11
1012.52
1974.96
1553.59
1207.85
489.56
1086.64
1073.11
947.15
1096.06
772.01
1599.27
1571.2
1928.86
1416.41
1787.68
849.47
1545.3
1802.17
1540.06
1543.25
2070.13
1101.6
1394.89
1415.12
1249.33
1995.12
1837.37
1439.94
969.76
1669.05
725.92
1401.32
898.75
1792.43
1475.45
1190.42
1510.67
1714.66
2073.22
1674.31
323.89
1528.71
1763.76
1230.52
944.55
1503.14
1495.04
1356.34
923.72
1932.48
1553.86
1454.54
2020.64
1935.92
1586.35
1306.96
1566.9
1572.25
1352.77
501.65
1663.35
1786.67
1304.4
1183.1
1650.28
714.4
613.82
638.55
1869.83
1263.45
